10
aadsa
d
1 13 6.9
0 100 6.1
0 200 6.3
0 200 6.8
1
chudsa j
c
1 329 12.69
1 329 12.69
1 329 12.69
1 329 12.69
2
cyce
d
1 13 6.9
0 100 6.1
0 200 6.3
0 200 6.8
0
chuj
c
1 329 12.69
1 329 12.69
1 329 12.69
1 329 12.69
-39
cyce
d
1 13 6.9
0 100 6.1
0 200 6.3
0 200 6.8
4
chuj
c
1 329 12.69
1 329 12.69
1 329 12.69
1 329 12.69
70
dupaduapdaup
d
1 13 6.9
0 100 6.1
0 200 6.3
0 200 6.8
100
aaaaaaaaa
c
1 329 12.69
1 329 12.69
1 329 12.69
1 329 12.69
10
bbbbbbb
c
0 13 6.9
0 100 6.1
0 200 6.3
0 200 6.8